Pos_Rank,Position,2016_Results,2017_Results,2018_Results,2019_Results,2020_Results,2021_Results
RB1,RB,3,1,1,1,1,1
RB2,RB,6,2,3,2,2,2
WR1,WR,1,3,2,6,4,7
RB3,RB,9,6,4,3,3,3
RB4,RB,11,7,5,4,5,4
WR2,WR,2,4,7,7,12,8
RB5,RB,12,9,6,5,6,5
WR3,WR,4,5,9,9,15,13
RB6,RB,14,11,8,8,7,6
WR4,WR,5,8,11,10,17,14
WR5,WR,7,10,13,12,18,17
RB7,RB,15,16,10,13,8,9
WR6,WR,10,12,14,14,25,18
RB8,RB,17,18,12,15,9,12
WR7,WR,16,13,17,16,26,19
WR8,WR,19,14,18,18,27,20
RB9,RB,18,19,15,17,11,15
TE1,TE,8,21,23,11,21,11
RB10,RB,22,20,16,19,13,16
WR9,WR,23,15,20,21,28,23
RB11,RB,25,23,19,20,14,22
WR10,WR,26,17,27,22,31,24
RB12,RB,28,24,21,23,16,25
WR11,WR,27,22,28,24,33,26
QB1,QB,13,26,25,27,10,10
WR12,WR,29,25,29,26,35,30
RB13,RB,36,36,22,25,19,28
WR13,WR,30,27,30,36,36,31
TE2,TE,60,28,36,32,23,37
RB14,RB,38,44,24,29,20,29
WR14,WR,31,29,31,37,38,32
QB2,QB,20,31,41,28,22,21
WR15,WR,32,30,33,38,39,33
RB15,RB,42,47,26,30,24,44
QB3,QB,21,32,42,35,32,27
WR16,WR,33,34,35,40,41,36
TE3,TE,62,33,44,33,52,41
RB16,RB,44,50,32,31,29,50
WR17,WR,34,35,37,41,42,40
QB4,QB,24,37,43,39,34,34
WR18,WR,35,39,38,42,44,42
RB17,RB,47,54,34,34,30,51
QB5,QB,40,38,45,43,37,35
WR19,WR,37,41,39,49,45,46
QB6,QB,45,40,47,45,40,38
WR20,WR,39,43,40,50,48,47
QB7,QB,57,42,49,47,47,39
WR21,WR,41,45,46,52,49,48
QB8,QB,63,52,50,48,53,43
RB18,RB,48,63,48,44,43,53
WR22,WR,43,46,56,56,51,52
QB9,QB,70,53,55,51,55,45
RB19,RB,50,64,51,46,46,54
WR23,WR,46,48,59,57,60,56
WR24,WR,49,49,60,60,63,57
QB10,QB,71,58,57,55,61,49
WR25,WR,52,51,61,62,64,58
RB20,RB,51,73,52,53,50,55
RB21,RB,55,74,53,54,56,59
WR26,WR,53,55,63,67,66,61
QB11,QB,73,61,62,63,62,60
RB22,RB,59,79,54,58,57,67
WR27,WR,54,57,64,75,67,64
RB23,RB,64,81,58,59,58,71
WR28,WR,56,59,65,76,68,66
QB12,QB,74,65,70,68,65,62
TE4,TE,65,56,67,80,54,63
WR29,WR,58,60,66,78,72,68
QB13,QB,76,68,72,69,69,65
RB24,RB,72,83,68,61,59,72
WR30,WR,61,62,69,84,76,70
QB14,QB,78,69,77,70,70,69
QB15,QB,79,71,80,71,83,73
RB25,RB,75,85,74,64,73,78
WR31,WR,66,66,71,86,77,74
WR32,WR,68,67,73,87,78,76
RB26,RB,80,87,76,65,74,81
TE5,TE,67,72,75,82,71,79
QB16,QB,82,75,83,72,93,75
RB27,RB,81,88,78,66,75,97
WR33,WR,69,70,82,88,79,80
QB17,QB,84,76,88,77,95,77
RB28,RB,83,90,81,73,80,102
RB29,RB,85,93,84,74,84,103
QB18,QB,87,82,93,79,96,87
WR34,WR,77,77,85,93,81,82
TE6,TE,91,86,79,94,86,95
WR35,WR,86,78,86,95,82,83
QB19,QB,90,84,95,81,97,88
WR36,WR,89,80,87,101,88,84
RB30,RB,88,95,91,83,85,105
QB20,QB,92,89,102,85,98,91
TE7,TE,103,91,90,98,102,108
RB31,RB,94,97,94,89,87,106
WR37,WR,93,92,89,102,89,85
WR38,WR,96,94,96,103,90,86
RB32,RB,101,102,103,90,99,107
TE8,TE,109,99,92,105,117,132
WR39,WR,97,96,97,104,91,89
QB21,QB,95,98,104,97,103,92
RB33,RB,104,105,105,91,101,110
WR40,WR,98,100,98,107,92,90
RB34,RB,105,106,108,92,108,111
RB35,RB,107,107,110,96,112,113
WR41,WR,99,108,99,108,94,93
TE9,TE,115,101,100,115,133,145
WR42,WR,100,110,101,110,100,94
RB36,RB,108,111,112,99,113,115
RB37,RB,111,112,114,100,114,116
QB22,QB,106,109,107,112,104,96
WR43,WR,102,114,106,111,107,98
RB38,RB,116,113,115,106,115,121
WR44,WR,110,115,109,113,110,99
RB39,RB,119,120,117,109,120,125
WR45,WR,113,116,116,117,116,100
TE10,TE,117,103,113,137,135,147
WR46,WR,114,117,118,118,118,101
RB40,RB,126,124,122,114,121,128
QB23,QB,112,119,120,122,105,118
WR47,WR,121,122,121,119,126,104
WR48,WR,125,123,124,124,128,109
WR49,WR,137,125,126,125,131,112
WR50,WR,141,127,129,126,132,114
QB24,QB,118,137,123,123,106,119
QB25,QB,134,140,127,135,109,124
